i              est            relError       timeMs         
1              3180           0.002          2.078          
2              3179           0.002          1.825          
3              3197           0.004          1.837          
4              3177           0.003          1.779          
5              3185           0.000          1.827          
6              3226           0.013          1.823          
7              3195           0.003          1.848          
8              3157           0.009          2.020          
9              3205           0.006          1.981          
10             3173           0.004          1.956          
11             3168           0.005          1.998          
12             3180           0.002          1.874          
13             3164           0.007          3.337          
14             3146           0.012          4.493          
15             3154           0.010          1.892          
16             3213           0.009          5.044          
17             3183           0.001          3.519          
18             3167           0.006          5.064          
19             3207           0.007          4.960          
20             3213           0.009          4.924          
21             3219           0.011          4.966          
22             3183           0.001          4.936          
23             3216           0.010          5.106          
24             3135           0.016          4.937          
25             3145           0.013          5.011          
26             3132           0.017          4.891          
27             3205           0.006          4.931          
28             3188           0.001          4.940          
29             3182           0.001          4.893          
30             3161           0.008          4.891          
31             3198           0.004          4.920          
32             3161           0.008          4.919          
33             3163           0.007          5.111          
34             3136           0.015          5.018          
35             3149           0.011          4.957          
36             3191           0.002          4.863          
37             3229           0.014          4.829          
38             3148           0.012          4.904          
39             3207           0.007          5.036          
40             3219           0.011          4.936          
41             3214           0.009          5.015          
42             3226           0.013          5.008          
43             3194           0.003          4.996          
44             3177           0.003          4.984          
45             3173           0.004          4.901          
46             3188           0.001          4.942          
47             3146           0.012          4.877          
48             3192           0.002          5.035          
49             3151           0.011          4.907          
50             3199           0.004          5.005          
51             3171           0.004          5.061          
52             3202           0.005          4.890          
53             3198           0.004          5.004          
54             3242           0.018          4.991          
55             3154           0.010          4.974          
56             3229           0.014          5.051          
57             3210           0.008          5.001          
58             3234           0.015          4.992          
59             3210           0.008          5.011          
60             3192           0.002          4.920          
61             3208           0.007          4.926          
62             3197           0.004          4.972          
63             3185           0.000          5.063          
64             3173           0.004          4.896          
65             3213           0.009          4.973          
66             3177           0.003          4.948          
67             3213           0.009          5.050          
68             3213           0.009          5.435          
69             3189           0.001          4.903          
70             3188           0.001          5.049          
71             3259           0.023          4.963          
72             3204           0.006          5.007          
73             3122           0.020          4.964          
74             3155           0.009          4.966          
75             3210           0.008          5.073          
76             3197           0.004          4.942          
77             3160           0.008          4.986          
78             3198           0.004          4.944          
79             3168           0.005          4.991          
80             3220           0.011          4.935          
81             3185           0.000          4.954          
82             3214           0.009          5.004          
83             3222           0.012          5.025          
84             3133           0.016          4.818          
85             3208           0.007          5.001          
86             3154           0.010          4.946          
87             3180           0.002          4.942          
88             3173           0.004          5.144          
89             3216           0.010          4.928          
90             3237           0.016          4.848          
91             3229           0.014          4.983          
92             3204           0.006          4.962          
93             3186           0.000          4.879          
94             3220           0.011          4.984          
95             3168           0.005          6.126          
96             3198           0.004          4.911          
97             3160           0.008          4.868          
98             3144           0.013          4.999          
99             3207           0.007          4.911          
100            3177           0.003          4.941          
101            3111           0.023          4.938          
102            3208           0.007          4.972          
103            3216           0.010          4.849          
104            3192           0.002          4.940          
105            3207           0.007          4.826          
106            3166           0.006          4.999          
107            3179           0.002          4.991          
108            3204           0.006          4.868          
109            3223           0.012          4.925          
110            3208           0.007          5.019          
111            3166           0.006          4.850          
112            3191           0.002          5.037          
113            3207           0.007          4.982          
114            3228           0.014          4.927          
115            3192           0.002          5.021          
116            3155           0.009          4.882          
117            3204           0.006          5.055          
118            3228           0.014          4.894          
119            3142           0.014          4.984          
120            3189           0.001          4.990          
121            3145           0.013          5.011          
122            3197           0.004          4.962          
123            3176           0.003          4.945          
124            3205           0.006          4.973          
125            3186           0.000          4.884          
126            3179           0.002          4.556          
127            3217           0.010          1.879          
128            3167           0.006          1.879          
129            3163           0.007          1.933          
130            3177           0.003          1.807          
131            3145           0.013          1.766          
132            3185           0.000          1.764          
133            3145           0.013          1.770          
134            3256           0.022          1.828          
135            3160           0.008          1.806          
136            3152           0.010          1.883          
137            3217           0.010          1.807          
138            3142           0.014          1.794          
139            3127           0.018          2.591          
140            3199           0.004          2.678          
141            3202           0.005          2.691          
142            3164           0.007          1.827          
143            3138           0.015          1.806          
144            3158           0.008          1.754          
145            3188           0.001          1.735          
146            3194           0.003          2.115          
147            3217           0.010          1.857          
148            3183           0.001          1.936          
149            3146           0.012          2.990          
150            3214           0.009          1.894          
151            3199           0.004          4.961          
152            3173           0.004          4.543          
153            3197           0.004          4.973          
154            3166           0.006          4.961          
155            3201           0.005          4.964          
156            3171           0.004          4.936          
157            3171           0.004          4.892          
158            3205           0.006          4.926          
159            3210           0.008          5.014          
160            3164           0.007          4.914          
161            3186           0.000          4.884          
162            3174           0.003          4.956          
163            3195           0.003          4.950          
164            3152           0.010          4.892          
165            3180           0.002          4.950          
166            3186           0.000          4.962          
167            3189           0.001          5.042          
168            3192           0.002          4.916          
169            3157           0.009          4.950          
170            3205           0.006          4.941          
171            3217           0.010          5.042          
172            3136           0.015          4.976          
173            3191           0.002          4.970          
174            3173           0.004          4.963          
175            3183           0.001          4.923          
176            3194           0.003          4.911          
177            3202           0.005          4.942          
178            3171           0.004          4.875          
179            3226           0.013          4.854          
180            3188           0.001          4.913          
181            3182           0.001          4.921          
182            3262           0.024          4.919          
183            3241           0.018          4.908          
184            3204           0.006          4.951          
185            3225           0.013          4.992          
186            3157           0.009          4.948          
187            3155           0.009          4.874          
188            3176           0.003          4.960          
189            3174           0.003          4.883          
190            3149           0.011          4.929          
191            3185           0.000          4.898          
192            3185           0.000          5.041          
193            3174           0.003          4.944          
194            3191           0.002          5.012          
195            3247           0.019          4.983          
196            3177           0.003          4.979          
197            3185           0.000          4.954          
198            3161           0.008          4.873          
199            3123           0.019          4.905          
200            3145           0.013          4.932          
