i              est            relError       timeMs         
1              3119           0.021          4.897          
2              3091           0.030          2.150          
3              3379           0.061          4.828          
4              3123           0.019          4.760          
5              3796           0.192          4.889          
6              3536           0.110          4.900          
7              3204           0.006          4.892          
8              2770           0.130          4.905          
9              3016           0.053          4.874          
10             3278           0.029          4.797          
11             3382           0.062          4.769          
12             3169           0.005          4.830          
13             2858           0.103          4.973          
14             3241           0.018          5.210          
15             3195           0.003          4.766          
16             3025           0.050          2.183          
17             3052           0.042          1.953          
18             3330           0.046          2.147          
19             2995           0.060          4.892          
20             3134           0.016          3.432          
21             3217           0.010          3.100          
22             3214           0.009          4.683          
23             3095           0.028          2.288          
24             3325           0.044          1.962          
25             3273           0.028          1.895          
26             3248           0.020          2.094          
27             3320           0.042          1.937          
28             3233           0.015          1.792          
29             3197           0.004          1.854          
30             3115           0.022          1.858          
31             3368           0.057          1.774          
32             3053           0.041          1.935          
33             2922           0.083          1.943          
34             3122           0.020          1.881          
35             3255           0.022          3.213          
36             3095           0.028          3.493          
37             3184           0.000          2.088          
38             3528           0.108          2.186          
39             3570           0.121          2.075          
40             3293           0.034          1.966          
41             3070           0.036          1.907          
42             3259           0.023          3.197          
43             3247           0.019          2.918          
44             3107           0.024          1.816          
45             2953           0.073          2.062          
46             3143           0.013          1.905          
47             3040           0.046          3.838          
48             3373           0.059          1.828          
49             3190           0.002          2.031          
50             2858           0.103          1.761          
51             2963           0.070          2.711          
52             2890           0.093          2.685          
53             3117           0.021          2.448          
54             3529           0.108          3.883          
55             3100           0.027          1.918          
56             2888           0.093          3.787          
57             3125           0.019          4.029          
58             3003           0.057          4.935          
59             3090           0.030          4.826          
60             3344           0.050          4.807          
61             3355           0.053          4.774          
62             3054           0.041          4.862          
63             3076           0.034          4.892          
64             2837           0.109          4.753          
65             3316           0.041          4.790          
66             3256           0.022          5.091          
67             3257           0.023          4.804          
68             2987           0.062          4.879          
69             3371           0.058          4.937          
70             3367           0.057          4.814          
71             3374           0.059          4.831          
72             3347           0.051          4.945          
73             3284           0.031          4.865          
74             2811           0.117          4.933          
75             3448           0.083          4.816          
76             3251           0.021          4.754          
77             2873           0.098          4.889          
78             3129           0.018          4.771          
79             3309           0.039          4.967          
80             3423           0.075          4.743          
81             3466           0.088          4.831          
82             3215           0.009          4.698          
83             3297           0.035          4.840          
84             3030           0.049          4.772          
85             3424           0.075          4.714          
86             2931           0.080          4.866          
87             3521           0.105          4.800          
88             3024           0.051          4.816          
89             2956           0.072          4.884          
90             3078           0.034          4.928          
91             3455           0.085          4.895          
92             3023           0.051          4.806          
93             3606           0.132          4.796          
94             2880           0.096          4.777          
95             3178           0.002          4.795          
96             2949           0.074          4.806          
97             3645           0.144          4.800          
98             3174           0.003          4.827          
99             3173           0.004          4.810          
100            2945           0.075          4.793          
101            3138           0.015          4.839          
102            3247           0.019          4.884          
103            2919           0.084          4.857          
104            3071           0.036          4.866          
105            3389           0.064          4.769          
106            3140           0.014          4.747          
107            3080           0.033          4.750          
108            3441           0.080          4.823          
109            3266           0.025          4.876          
110            3129           0.018          4.784          
111            3437           0.079          4.768          
112            3491           0.096          4.827          
113            3110           0.024          4.850          
114            3013           0.054          4.833          
115            3246           0.019          4.927          
116            3210           0.008          4.891          
117            3436           0.079          4.807          
118            3459           0.086          4.788          
119            2838           0.109          4.726          
120            3113           0.023          4.748          
121            3620           0.137          4.849          
122            2913           0.085          4.738          
123            3027           0.050          4.729          
124            3206           0.007          4.752          
125            3471           0.090          4.844          
126            3063           0.038          4.799          
127            3170           0.005          4.840          
128            3315           0.041          4.936          
129            3006           0.056          4.862          
130            3939           0.237          4.814          
131            3119           0.021          4.735          
132            3558           0.117          4.807          
133            3549           0.114          4.813          
134            2946           0.075          4.870          
135            3046           0.044          4.834          
136            2764           0.132          4.770          
137            2999           0.058          4.750          
138            3282           0.030          4.722          
139            3119           0.021          4.874          
140            3366           0.057          4.795          
141            3268           0.026          4.826          
142            3063           0.038          4.842          
143            3443           0.081          4.813          
144            3147           0.012          4.837          
145            3410           0.071          4.851          
146            2847           0.106          4.780          
147            3213           0.009          4.856          
148            3351           0.052          4.724          
149            3043           0.045          4.807          
150            2904           0.088          6.682          
151            3018           0.052          4.956          
152            2906           0.088          4.767          
153            3228           0.014          4.867          
154            3429           0.077          4.790          
155            3467           0.089          4.743          
156            3990           0.253          4.790          
157            3516           0.104          4.857          
158            3186           0.000          4.781          
159            3164           0.007          4.752          
160            3458           0.086          4.886          
161            2892           0.092          4.917          
162            3260           0.024          4.844          
163            2818           0.115          4.920          
164            2803           0.120          4.905          
165            3262           0.024          4.822          
166            2882           0.095          4.846          
167            3173           0.004          4.849          
168            2915           0.085          4.819          
169            3134           0.016          4.868          
170            3077           0.034          4.836          
171            3423           0.075          4.669          
172            3517           0.104          4.854          
173            3162           0.007          4.873          
174            3140           0.014          4.747          
175            3158           0.008          4.836          
176            3015           0.053          4.883          
177            2874           0.098          4.876          
178            2962           0.070          4.718          
179            3520           0.105          4.812          
180            3129           0.018          4.859          
181            3022           0.051          4.779          
182            2995           0.060          4.871          
183            3192           0.002          4.834          
184            2909           0.087          4.791          
185            2889           0.093          4.926          
186            2782           0.127          4.851          
187            2867           0.100          4.813          
188            3710           0.165          4.884          
189            4177           0.311          4.777          
190            3047           0.043          4.893          
191            2853           0.104          4.865          
192            3643           0.144          4.768          
193            3525           0.107          5.084          
194            2875           0.097          4.789          
195            3410           0.071          4.820          
196            3052           0.042          4.821          
197            3437           0.079          4.825          
198            2856           0.103          4.903          
199            3181           0.001          4.833          
200            3155           0.009          4.878          
