i              est            relError       timeMs         
1              17507          0.006          38.402         
2              16951          0.038          41.397         
3              18024          0.023          39.286         
4              18227          0.034          39.745         
5              17610          0.001          44.442         
6              17457          0.009          38.043         
7              17241          0.022          38.045         
8              17294          0.019          43.906         
9              17656          0.002          39.071         
10             18405          0.045          44.279         
11             17124          0.028          34.800         
12             17652          0.002          39.603         
13             16417          0.068          42.496         
14             18002          0.022          40.561         
15             16584          0.059          37.284         
16             17176          0.025          34.917         
17             16590          0.058          37.585         
18             16662          0.054          35.410         
19             17521          0.006          34.064         
20             18127          0.029          34.787         
21             17528          0.005          38.854         
22             17185          0.025          43.008         
23             17040          0.033          39.363         
24             17686          0.004          44.269         
25             18690          0.061          39.514         
26             17611          0.001          44.051         
27             17200          0.024          39.507         
28             17589          0.002          45.081         
29             17923          0.017          36.474         
30             18171          0.031          39.342         
31             18986          0.078          43.869         
32             18055          0.025          38.591         
33             17702          0.005          44.326         
34             18200          0.033          46.774         
35             17952          0.019          39.981         
36             16929          0.039          44.813         
37             18062          0.025          39.036         
38             17317          0.017          37.329         
39             18689          0.061          44.406         
40             17338          0.016          38.865         
41             17160          0.026          45.947         
42             17541          0.004          42.852         
43             18014          0.022          41.474         
44             18019          0.023          40.935         
45             17991          0.021          41.146         
46             17521          0.006          38.702         
47             18257          0.036          41.028         
48             18196          0.033          40.709         
49             17518          0.006          37.898         
50             18077          0.026          44.524         
51             17516          0.006          46.341         
52             17165          0.026          40.110         
53             17683          0.004          44.324         
54             17813          0.011          36.668         
55             18087          0.027          38.149         
56             17042          0.033          34.689         
57             17553          0.004          36.238         
58             17267          0.020          43.543         
59             17976          0.020          40.423         
60             17143          0.027          37.636         
61             17609          0.001          34.616         
62             17112          0.029          37.429         
63             17465          0.009          43.435         
64             17754          0.008          46.303         
65             16847          0.044          40.337         
66             17577          0.002          44.845         
67             17467          0.009          36.180         
68             17228          0.022          38.580         
69             17870          0.014          36.975         
70             17201          0.024          44.049         
71             17721          0.006          39.165         
72             17006          0.035          44.361         
73             17927          0.017          38.087         
74             18521          0.051          37.670         
75             17342          0.016          44.187         
76             16721          0.051          37.904         
77             17230          0.022          37.373         
78             17532          0.005          43.818         
79             17865          0.014          38.675         
80             17960          0.019          34.946         
81             18328          0.040          37.635         
82             17959          0.019          44.210         
83             16679          0.053          37.534         
84             18814          0.068          37.924         
85             18386          0.043          44.036         
86             17125          0.028          34.680         
87             17754          0.008          41.693         
88             17475          0.008          43.403         
89             17623          0.000          38.576         
90             17414          0.012          34.549         
91             17170          0.026          45.422         
92             17397          0.013          40.119         
93             17108          0.029          44.204         
94             18511          0.051          46.449         
95             17490          0.007          39.860         
96             17345          0.016          37.789         
97             17433          0.011          41.990         
98             17684          0.004          35.185         
99             18834          0.069          40.418         
100            17868          0.014          37.363         
101            17456          0.009          41.942         
102            17373          0.014          46.920         
103            18871          0.071          40.780         
104            18025          0.023          34.579         
105            17642          0.001          35.097         
106            17083          0.030          46.219         
107            17790          0.010          39.948         
108            18083          0.026          37.667         
109            16861          0.043          43.271         
110            16804          0.046          38.231         
111            18488          0.049          44.448         
112            17362          0.015          34.756         
113            16789          0.047          40.839         
114            17288          0.019          37.262         
115            17174          0.025          44.188         
116            17579          0.002          38.742         
117            18808          0.067          44.292         
118            18988          0.078          35.043         
119            17469          0.009          39.254         
120            17348          0.015          37.728         
121            17891          0.015          34.628         
122            18115          0.028          37.234         
123            17581          0.002          43.380         
124            17123          0.028          38.774         
125            16877          0.042          37.212         
126            17784          0.009          34.669         
127            18116          0.028          37.212         
128            18017          0.023          43.145         
129            17756          0.008          38.997         
130            17037          0.033          37.046         
131            18971          0.077          43.862         
132            16917          0.040          46.493         
133            17647          0.002          39.727         
134            18796          0.067          37.437         
135            17187          0.025          43.512         
136            17721          0.006          34.350         
137            16902          0.041          39.937         
138            16749          0.049          34.585         
139            17425          0.011          37.827         
140            16958          0.038          37.284         
141            18407          0.045          34.702         
142            18674          0.060          44.647         
143            17688          0.004          46.453         
144            17362          0.015          34.948         
145            16787          0.047          35.165         
146            16866          0.043          41.042         
147            17049          0.032          42.218         
148            18112          0.028          35.007         
149            18062          0.025          41.539         
150            17673          0.003          38.074         
151            17481          0.008          36.272         
152            18431          0.046          43.590         
153            16706          0.052          38.797         
154            17180          0.025          37.291         
155            17572          0.003          44.568         
156            17543          0.004          38.466         
157            18070          0.026          44.182         
158            17246          0.021          39.339         
159            18984          0.077          44.536         
160            17943          0.018          46.466         
161            17672          0.003          39.948         
162            18721          0.062          37.351         
163            17866          0.014          42.407         
164            18004          0.022          39.723         
165            17793          0.010          37.271         
166            17735          0.007          42.104         
167            17094          0.030          39.889         
168            16582          0.059          37.175         
169            17888          0.015          42.623         
170            17746          0.007          39.963         
171            17400          0.012          37.306         
172            17121          0.028          43.530         
173            17080          0.031          45.833         
174            16484          0.064          39.228         
175            18006          0.022          35.206         
176            17872          0.014          38.749         
177            17112          0.029          44.271         
178            17418          0.011          35.118         
179            17116          0.029          39.451         
180            17279          0.019          41.204         
181            18401          0.044          39.440         
182            17441          0.010          39.204         
183            17572          0.003          37.006         
184            17796          0.010          43.506         
185            18643          0.058          45.637         
186            16812          0.046          38.853         
187            18000          0.022          38.095         
188            18831          0.069          37.195         
189            18198          0.033          43.867         
190            17943          0.018          46.110         
191            17618          0.000          40.182         
192            18747          0.064          44.776         
193            18409          0.045          39.187         
194            18044          0.024          44.467         
195            16984          0.036          39.265         
196            17792          0.010          44.369         
197            17155          0.026          34.530         
198            17214          0.023          34.393         
199            18350          0.041          40.740         
200            17533          0.005          37.757         
